  3  47  66
255   3   1
249   9   7
243  15  14
237  21  20
231  27  27
225  33  33
219  39  39
214  46  46
208  52  52
202  58  58
196  64  65
190  70  71
184  76  78
178  82  84
165  90  92
151  98 101
138 106 109
124 115 118
111 123 126
 98 131 135
 84 139 143
 71 147 152
 58 155 160
 44 164 169
 31 172 177
 17 180 186
  4 188 194
 13 189 187
 23 190 180
 32 191 173
 41 192 166
 50 193 159
 60 194 152
 69 195 145
 78 196 138
 88 197 131
 97 198 124
106 199 117
116 200 110
125 201 103
134 202  95
143 203  88
153 204  81
162 205  74
171 206  67
181 207  60
190 208  53
199 209  46
209 210  39
218 211  32
227 212  25
236 213  18
246 214  11
255 215   4
255 208  12
255 200  20
255 193  28
255 185  36
255 178  44
255 171  52
255 163  60
255 156  68
255 149  76
255 141  84
255 134  92
255 126 100
255 119 108
255 112 116
255 104 124
255  97 132
255  90 140
255  82 148
255  75 156
255  67 164
255  60 172
255  53 180
255  45 188
255  38 196
255  31 204
255  23 212
255  16 220
255   8 228
255   1 236
245   1 237
236   1 237
226   1 238
216   1 239
207   1 240
197   1 240
187   1 241
177   1 242
168   1 243
158   1 243
148   1 244
139   1 245
129   1 245
119   0 246
110   0 247
100   0 248
 90   0 248
 81   0 249
 71   0 250
 61   0 251
 51   0 251
 42   0 252
 32   0 253
 22   0 254
 13   0 254
  3   0 255
  3  18 245
  3  36 235
  3  54 225
  2  73 215
  2  91 205
  2 109 195
  2 127 185
  2 140 167
  2 153 149
  2 165 131
  2 178 113
  1 191  95
  1 204  78
  1 217  60
  1 229  42
  1 242  24
  1 255   6
  0   0   0
